4294967278,32
4294967278,31
4294967278,30
4294967278,29
4294967278,28
4294967278,27
4294967278,26
4294967278,25
4294967278,24
4294967278,23
4294967278,22
4294967278,61
4294967278,60
4294967278,59
4294967278,58
4294967278,57
4294967278,56
4294967278,55
4294967278,54
4294967278,53
4294967278,52
4294967278,51
4294967278,50
4294967278,49
4294967278,48
4294967278,47
4294967278,46
4294967278,45
4294967278,44
4294967278,43
4294967278,42
4294967278,41
4294967278,40
4294967278,337
4294967278,39
4294967278,336
4294967278,38
4294967278,37
4294967278,36
4294967278,35
4294967278,291
4294967278,34
4294967278,33
4294967279,86
4294967279,85
4294967279,83
4294967279,82
4294967279,79
4294967279,78
4294967279,77
4294967279,76
4294967279,75
4294967279,73
4294967279,70
4294967279,69
4294967279,67
4294967279,66
4294967279,65
4294967279,64
4294967279,63
4294967279,62
4294967279,61
4294967279,58
4294967279,56
4294967279,54
4294967279,51
4294967279,50
4294967279,49
4294967279,48
4294967279,47
4294967279,44
4294967279,42
4294967279,41
4294967279,40
4294967279,36
4294967279,35
4294967279,29
4294967279,26
4294967279,19
4294967279,18
4294967279,17
4294967279,340
4294967278,342
4294967279,410
4294967279,37
4294967279,147
4294967279,34
4294967279,295
4294967279,144
4294967279,143
4294967279,142
4294967279,141
4294967279,140
4294967279,139
210,4
210,3
210,2
210,1
4294967279,279
4294967279,24
4294967279,406
4294967279,15
4294967279,23
4294967279,276
4294967279,409
4294967279,347
4294967279,22
4294967279,291
4294967279,20
4294967279,275
4294967279,289
4294967279,274
4294967279,273
4294967279,270
4294967279,272
209,5
209,4
4294967279,271
209,3
209,2
209,1
4294967294,387
4294967279,269
4294967279,286
4294967279,267
4294967279,266
4294967294,925
4294967279,265
4294967279,264
207,5
4294967279,262
207,4
4294967279,284
207,3
207,2
207,1
4294967294,497
4294967279,259
4294967279,258
4294967278,512
4294967278,318
4294967278,338
4294967278,533
4294967278,532
4294967294,496
4294967278,317
4294967278,531
4294967278,316
206,5
4294967278,530
206,4
4294967278,254
206,3
206,2
206,1
4294967278,313
4294967294,926
4294967294,396
4294967294,179
4294967294,455
4294967294,108
4294967294,110
4294967294,468
4294967294,180
4294967294,112
4294967278,253
4294967278,251
4294967278,248
4294967278,334
4294967278,246
4294967294,441
4294967294,115
4294967294,426
4294967294,114
4294967278,244
4294967278,245
4294967278,242
4294967278,238
4294967278,234
205,6
4294967278,237
205,5
205,4
4294967278,236
205,3
205,2
205,1
4294967278,233
4294967278,231
4294967278,229
4294967278,226
4294967294,38
4294967278,224
4294967278,225
4294967278,222
4294967278,220
4294967278,214
4294967278,218
4294967278,216
4294967278,213
4294967278,212
4294967278,211
4294967294,955
4294967294,419
4294967278,132
4294967278,131
4294967278,130
4294967278,129
4294967278,128
4294967278,127
4294967278,126
4294967278,125
4294967278,124
4294967278,123
4294967278,122
4294967278,121
4294967278,120
4294967278,119
4294967278,118
4294967278,117
4294967278,116
4294967278,115
4294967278,114
4294967278,113
4294967278,112
4294967278,111
4294967278,110
4294967278,109
4294967278,108
4294967278,107
4294967278,106
4294967278,105
4294967278,104
4294967278,103
4294967278,102
4294967278,101
4294967278,100
4294967278,99
4294967278,98
4294967278,94
4294967278,92
4294967278,91
4294967278,90
4294967278,89
4294967278,86
4294967278,85
4294967278,84
4294967278,83
4294967278,81
4294967278,80
4294967278,77
4294967278,75
4294967278,74
4294967278,73
4294967278,72
4294967278,71
4294967278,70
4294967278,69
4294967278,68
4294967278,66
4294967278,63
4294967278,210
4294967279,74
4294967279,72
4294967279,68
4294967279,60
4294967279,59
4294967279,55
4294967279,53
4294967279,52
4294967279,46
4294967279,45
4294967279,39
4294967294,99
4294967294,76
4294967294,36
4294967294,39
4294967294,41
4294967294,1358
4294967294,43
4294967279,33
4294967279,31
4294967279,30
4294967279,28
4294967279,25
4294967279,0
4294967279,290
4294967279,21
4294967279,334
4294967279,283
4294967279,288
4294967279,403
4294967279,16
4294967279,287
4294967279,14
4294967279,13
4294967279,268
4294967279,331
4294967279,12
4294967279,285
4294967279,11
4294967279,330
4294967279,10
4294967279,329
4294967279,9
4294967279,8
4294967279,7
4294967279,402
4294967279,6
4294967279,391
4294967279,5
4294967279,281
4294967279,4
4294967294,51
4294967294,1356
4294967294,911
4294967294,186
4294967278,97
4294967278,310
4294967294,53
4294967278,96
4294967278,309
4294967294,82
4294967278,95
4294967278,308
4294967278,206
4294967294,92
